STARLETTE               
1 07646U 75010A   21092.90650112 -.00000155  00000-0 -11067-4 0  9996
2 07646  49.8259  49.0165 0205749 262.3239  95.4245 13.82308948331542
LAGEOS 1                
1 08820U 76039A   21092.73645932  .00000022  00000-0  00000-0 0  9990
2 08820 109.8304 247.9959 0045085 348.5239 352.3604  6.38664721792011
AJISAI (EGS)            
1 16908U 86061A   21092.87108608 -.00000083  00000-0  98921-4 0  9992
2 16908  50.0079 233.7685 0011327  21.7880 139.9281 12.44493600243691
COSMOS 1989 (ETALON 1)  
1 19751U 89001C   21092.50774535  .00000026  00000-0  00000-0 0  9999
2 19751  64.2178 137.5455 0023148 211.8585 278.2220  2.13156290250831
COSMOS 2024 (ETALON 2)  
1 20026U 89039C   21092.92571366 -.00000077  00000-0  00000-0 0  9997
2 20026  65.5380  15.3118 0018272 220.0770  67.1142  2.13204184247960
LAGEOS 2                
1 22195U 92070B   21092.24944139 -.00000009  00000-0  00000-0 0  9997
2 22195  52.6785  28.6334 0137501  75.7104 217.5163  6.47293475672402
STELLA                  
1 22824U 93061B   21092.97106934 -.00000048  00000-0 -44486-6 0  9996
2 22824  98.9784  97.2784 0006311 359.5802  29.6469 14.27383773433545
LARES                   
1 38077U 12006A   21092.67473106 -.00000014  00000-0  15065-3 0  9998
2 38077  69.4937 300.1983 0007338  22.4664 337.6704 12.54931452418609
