ISS (ZARYA)             
1 25544U 98067A   21093.20536128  .00021898  00000-0  40641-3 0  9998
2 25544  51.6467 353.5896 0002720 183.0173 314.9339 15.48865705276976
KESTREL EYE IIM (KE2M)  
1 42982U 98067NE  21092.75399419  .00052815  00000-0  20328-3 0  9995
2 42982  51.6292 230.9338 0000396 145.7450 214.3580 15.86792856196707
RADSAT-G                
1 43553U 98067PB  21092.72569383  .01711470  11945-4  66367-3 0  9993
2 43553  51.6276 237.6534 0010238 315.1208  44.8983 16.23093139155894
LEMUR-2-VU              
1 43558U 18046E   21092.51372884  .00003636  00000-0  12288-3 0  9998
2 43558  51.6391 148.7379 0006581 257.6035 102.4210 15.33246588151720
LEMUR-2-ALEXANDER       
1 43559U 18046F   21092.83715023  .00004002  00000-0  13317-3 0  9992
2 43559  51.6389 146.4172 0006524 258.8178 101.2070 15.33475127151568
LEMUR-2-YUASA           
1 43560U 18046G   21092.87031791  .00003793  00000-0  12791-3 0  9992
2 43560  51.6401 147.3638 0006849 273.1862  86.8336 15.33193636151770
LEMUR-2-TOMHENDERSON    
1 43561U 18046H   21092.87152533  .00004637  00000-0  15532-3 0  9995
2 43561  51.6402 148.1071 0007052 269.8009  90.2164 15.32867029151326
1998-067PN              
1 43638U 98067PN  21092.77383494  .00042104  00000-0  25928-3 0  9993
2 43638  51.6314 277.1460 0000734  26.2331 333.8706 15.76750749142103
STARS-ME                
1 43640U 98067PQ  21092.77642039  .00096938  00000-0  40624-3 0  9993
2 43640  51.6285 266.4904 0001818 326.6486  33.4403 15.84793775142246
ISS DEB (SEDA-AP)       
1 43870U 98067PU  21092.85604423  .00007950  00000-0  97793-4 0  9998
2 43870  51.6361 312.4166 0003881  57.3140 302.8227 15.61280731129818
ISS DEB (II)                
1 44303U 98067QA  21092.94807264  .00008114  00000-0  11180-3 0  9996
2 44303  51.6400 331.9599 0004238 330.0577  30.0173 15.58207324104830
ISS DEB (III)                
1 44306U 98067QD  21092.93361321  .00010024  00000-0  13429-3 0  9998
2 44306  51.6383 331.7677 0005329 325.5251  34.5395 15.58651807104843
RED-EYE 1 (PINOT)       
1 44364U 98067QJ  21092.84253765  .00008779  00000-0  12093-3 0  9994
2 44364  51.6402 333.4922 0005492 325.4163  34.6471 15.58088395100391
ISS DEB (IV)               
1 44788U 98067QT  21092.88868547  .00159416  00000-0  76280-3 0  9991
2 44788  51.6299 317.9046 0002536 268.3617  91.7095 15.81764427 78689
ISS DEB (V)                
1 44789U 98067QU  21092.91366716  .00105787  00000-0  62730-3 0  9994
2 44789  51.6335 321.1225 0001490 284.9878  75.0958 15.77224550 78639
RWASAT-1                
1 44790U 98067QV  21092.83345567  .00011356  00000-0  15478-3 0  9993
2 44790  51.6407 339.2062 0006551  19.6053  69.9912 15.58025419 77656
AQT-D                   
1 44791U 98067QW  21092.85543145  .00011998  00000-0  16256-3 0  9995
2 44791  51.6406 339.6172 0005366 349.7335  10.3547 15.58125269 77653
NARSSCUBE-1             
1 44792U 98067QX  21092.96714062  .00026210  00000-0  29222-3 0  9996
2 44792  51.6381 333.5294 0003194  16.9282 343.1818 15.62622310 77747
STPSAT-4                
1 45043U 98067QY  21092.87919411  .00006994  00000-0  11654-3 0  9998
2 45043  51.6418 350.1912 0004920   4.7286 355.3750 15.53208140 66757
HARP                    
1 45256U 98067QZ  21092.88054027  .00015563  00000-0  21842-3 0  9990
2 45256  51.6421 345.0035 0005847 355.4211   4.6727 15.56910589 63495
1998-067RA              
1 45257U 98067RA  21092.87699984  .00011159  00000-0  16378-3 0  9992
2 45257  51.6407 345.6909 0006465 359.1238   0.9741 15.56033712 63481
PHOENIX                 
1 45258U 98067RB  21092.83509253  .00010391  00000-0  15794-3 0  9996
2 45258  51.6407 346.8967 0004859 338.9384  21.1406 15.55166124 63432
1998-067RC              
1 45259U 98067RC  21092.83114869  .00019716  00000-0  25608-3 0  9997
2 45259  51.6405 343.1327 0005147 358.1699   1.9274 15.58802407 63517
CRYOCUBE                
1 45260U 98067RD  21092.85794288  .00028121  00000-0  35140-3 0  9992
2 45260  51.6397 342.5638 0004997 358.5852   1.5126 15.59597929 63539
AZTECHSAT-1             
1 45261U 98067RE  21092.85813656  .00026736  00000-0  31465-3 0  9990
2 45261  51.6383 340.3044 0004851 359.2523   0.8463 15.61201707 63551
RADSAT-U                
1 45262U 98067RF  21092.91047623  .00013337  00000-0  19239-3 0  9999
2 45262  51.6429 345.2030 0005781  35.7492 324.3885 15.56312979 63501
QARMAN                  
1 45263U 98067RG  21092.87926367  .00020439  00000-0  26675-3 0  9999
2 45263  51.6402 343.4512 0005112 354.0308   6.0623 15.58648123 63542
SORTIE                  
1 45264U 98067RH  21092.72967684  .00008048  00000-0  12998-3 0  9996
2 45264  51.6427 349.2227 0006823   1.8902 358.2113 15.53840015 63426
ICS-EF (ISS DEB)        
1 45265U 98067RJ  21092.88720875  .00004292  00000-0  78096-4 0  9992
2 45265  51.6424 351.7359 0005039   4.3648 355.7385 15.51819878 63087
PROGRESS-MS 14          
1 45595U 20026A   21092.54610921  .00001810  00000-0  41029-4 0  9990
2 45595  51.6469 356.8460 0002880 169.8679 249.7785 15.48977254276871
G-SAT                   
1 45597U 98067RK  21092.86901633  .00013404  00000-0  19575-3 0  9992
2 45597  51.6412 347.1494 0004452  62.0785 298.0656 15.55977230 52834
QUETZAL-1               
1 45598U 98067RL  21092.70953165  .00018259  00000-0  25367-3 0  9992
2 45598  51.6407 347.5813 0002699  93.7530 266.3771 15.57061564 52740
RED-EYE 2 (MERLOT)      
1 45800U 98067RM  21092.87459245  .00007106  00000-0  12121-3 0  9999
2 45800  51.6428 351.6741 0001484  50.1079 310.0042 15.52516602 44945
RED-EYE 3 (CABERNET)    
1 45809U 98067RN  21092.87496097  .00007067  00000-0  12058-3 0  9999
2 45809  51.6428 351.6768 0001426  36.8651 323.2437 15.52516930 43921
DEMI                    
1 45916U 98067RP  21092.86256409  .00017099  00000-0  24585-3 0  9992
2 45916  51.6420 348.6098 0001324 294.8060  65.2794 15.56183837 40950
SOYUZ-MS 17             
1 46613U 20072A   21092.54610921  .00001810  00000-0  41029-4 0  9993
2 46613  51.6469 356.8460 0002880 169.8679 249.7785 15.48977254276873
CREW DRAGON 1           
1 46920U 20084A   21092.54610921  .00001810  00000-0  41029-4 0  9997
2 46920  51.6469 356.8460 0002880 169.8679 249.7785 15.48977254276874
LEMUR-2-BAXTER-OLIVER   
1 46925U 98067RV  21092.79461533  .00033382  00000-0  46665-3 0  9997
2 46925  51.6437 351.1662 0002187 178.6783 181.4215 15.56518536 23086
LEMUR-2-DJARA           
1 46926U 98067RW  21092.87668891  .00029277  00000-0  41736-3 0  9995
2 46926  51.6435 350.9627 0001843 158.2216 201.8854 15.56057216 23119
PROGRESS-MS 16          
1 47618U 21011A   21092.54610921  .00001810  00000-0  41029-4 0  9993
2 47618  51.6469 356.8460 0002880 169.8679 249.7785 15.48977254276879
CYGNUS NG-15            
1 47689U 21013A   21092.54610921  .00001810  00000-0  41029-4 0  9993
2 47689  51.6469 356.8460 0002880 169.8679 249.7785 15.48977254276877
ISS DEB (I)                
1 47853U 98067RZ  21092.85517421  .00001929  00000-0  42883-4 0  9994
2 47853  51.6450 355.2921 0003020 160.9687 199.1415 15.49198142  3545
RSP-01                  
1 47925U 98067SB  21092.78231572  .00010087  00000-0  18404-3 0  9992
2 47925  51.6444 355.5565 0003068 114.0266 246.1044 15.50069227  3038
TAUSAT-1                
1 47926U 98067SC  21092.77920187  .00011939  00000-0  21395-3 0  9999
2 47926  51.6442 355.5360 0004383 115.7875 244.3567 15.50382525  3023
TSURU                   
1 47927U 98067SD  21092.78233818  .00009558  00000-0  17494-3 0  9998
2 47927  51.6443 355.5564 0003120 112.9401 247.1917 15.50050073  3034
STARS-EC                
1 47928U 98067SE  21092.78285688  .00008964  00000-0  16482-3 0  9997
2 47928  51.6438 355.5588 0006150 183.9032 176.1910 15.49997450  3018
MMSATS-1                
1 47976U 98067SJ  21092.87206704  .00004025  00000-0  80522-4 0  9993
2 47976  51.6455 355.2130 0003073 153.6476 294.4965 15.49241104  1826
